,Training
0,0.9410781453110667
1,0.9409354176611439
2,0.9417757496552925
3,0.9420085402517686
4,0.9377274772880605
5,0.9359289638698204
6,0.9326496845356421
7,0.9306255276434482
8,0.9300681084352609
9,0.9302877611285078
10,0.9301936044779926
11,0.9309963217885293
12,0.9309550169672084
13,0.9306093443959459
14,0.9311936661457603
15,0.9313930867138067
16,0.9326639849103344
17,0.9340708736917281
18,0.9354353059100632
19,0.936996811887129
20,0.9383994692267065
21,0.939577746403187
22,0.9409561203696326
23,0.9422136785005716
24,0.9432217550148869
25,0.9439886283693852
26,0.9441375351520337
27,0.9442716594244298
28,0.9443090521083507
29,0.9441089961081292
30,0.9437437873437049
31,0.943445883444547
32,0.9431320260121603
33,0.9424897149556715
34,0.942058409775906
35,0.941725911371782
36,0.9415569180739606
37,0.9415450072018834
38,0.9415956607164183
39,0.9416318091908698
40,0.9419140309194186
41,0.9424123714876829
42,0.9429374806542951
43,0.94332619633164
44,0.9436349075882747
45,0.9439460973836946
46,0.944402679053106
47,0.9450345626691569
48,0.9455452642365548
49,0.9462299864931232
50,0.9467010033778693
51,0.9468067411063785
52,0.9468873482338692
53,0.9469906218664961
54,0.946809257922939
55,0.9469875116833671
56,0.9471110233601168
57,0.9471112459352538
58,0.9465516200139337
59,0.9458412273188329
60,0.9447342861835202
61,0.9439236911739822
62,0.9431061636819338
63,0.9423681844777658
64,0.94168123243902
65,0.9407928950770948
66,0.939948128817731
67,0.9391433758025458
68,0.9382782892578038
69,0.9376428408632339
70,0.9371105549273157
71,0.9366650736517759
72,0.9363474844962132
73,0.9356696950399094
74,0.9351606090911982
75,0.9346574187596194
76,0.9343575611773947
77,0.9340247010894412
78,0.9337253379093529
79,0.933361571915436
80,0.9330887352197483
81,0.9328135362312729
82,0.9326038730631978
83,0.9325217912722027
84,0.9324257110983848
85,0.9325142465407635
86,0.9323990512504131
87,0.9322782865836629
88,0.9320491725386744
89,0.9319193817404597
90,0.9316742453291946
91,0.9316538941336205
92,0.9316077582838601
93,0.9315321268048149
94,0.9314910886424471
95,0.9314281065407014
96,0.9314091309581662
97,0.9313416612509978
98,0.9312893772644614
99,0.9310886168936054
100,0.9311070906911246
101,0.9312389539712024
102,0.9312686452923613
103,0.9313330984563079
104,0.9312504963639708
105,0.9312657148939041
106,0.9310375464091755
107,0.9309450706966067
108,0.9308265493158211
109,0.9307310023227315
110,0.9306637462143676
111,0.9304849992275781
112,0.9303261916843639
113,0.9302196305869138
114,0.9302571692604028
115,0.9303547295166963
116,0.9304342114176732
117,0.9305011050737325
118,0.930618214734436
119,0.9308144780746151
120,0.9310269651735364
121,0.9312400442168222
122,0.931467947784439
123,0.9317058346162477
124,0.9319655304094461
125,0.9322091997094962
126,0.9324487806304699
127,0.9327199538394828
128,0.9330093398480094
129,0.933091734883716
130,0.933125952689571
131,0.9332627235136872
132,0.9334706776728862
133,0.9337487290577431
134,0.9340217340922613
135,0.9343712034775157
136,0.9346750169998116
137,0.9350845812780679
138,0.9354415149704985
139,0.9357401265628724
140,0.9360426540448704
141,0.9364652270229509
142,0.9369066674889281
143,0.9373565543238613
144,0.9377784424602572
145,0.9380909711623872
146,0.9383370145186598
147,0.938543704051033
148,0.9388049505034992
149,0.9390176029579665
150,0.9391841827409746
151,0.9393448452378693
152,0.9395531678354446
153,0.9398098400226176
154,0.9401199392665719
155,0.9403842443832524
156,0.940693594143844
157,0.9410320615721827
158,0.941313085608464
159,0.9415958090894092
160,0.9418644256902483
161,0.9421426398097305
162,0.942436222749075
163,0.9427081016238276
164,0.943002432596894
165,0.9432472924803625
166,0.9434488088002742
167,0.9435788079726031
168,0.9437727682969328
169,0.9438854223613328
170,0.9439447010596955
171,0.9440443173409319
172,0.9440606686081368
173,0.9440809119988169
174,0.9440488507994929
175,0.9439934418210543
176,0.9439560739660257
177,0.9439465004794545
178,0.9438453951836534
179,0.9437342108021163
180,0.9436347998713601
181,0.9435102506186235
182,0.9433190871193189
183,0.9431874872959347
184,0.942963494272708
185,0.942676099698661
186,0.9424199531141918
187,0.9421715445078411
188,0.941925532601317
189,0.9417160736372087
190,0.9414745689233072
191,0.9412353497298479
192,0.9410432795311949
193,0.9407524590362244
194,0.9403754761550135
195,0.9400020694181153
196,0.9396431858439394
197,0.9393314567015626
198,0.9390008164416749
199,0.9386623807600915
200,0.9383378411032995
201,0.9380162559848207
202,0.9377403279596935
203,0.9374136809394824
204,0.9371428883861704
205,0.9368428735575096
206,0.9364720996904184
207,0.9361672394812746
208,0.9359273739971397
209,0.9356378513346574
210,0.9354228754213306
211,0.9351994505832176
212,0.9349880802477993
213,0.9347682769393064
214,0.9346008012530251
215,0.9344648240930356
216,0.9343899780546794
217,0.9342757110556664
218,0.9341622624187066
219,0.9340100745543759
220,0.9339279279799803
221,0.9338365049373993
222,0.9337847144577606
223,0.9336651680665808
224,0.9336045011336568
225,0.9335152616480639
226,0.9333690354521061
227,0.933204748927736
228,0.9330987213820237
229,0.9330407487209256
230,0.9330019313787624
231,0.9329068841149183
232,0.932831137617377
233,0.9327930848570163
234,0.9328293727700835
235,0.9329760471440945
236,0.9331305340303394
237,0.9332744092496891
238,0.9333621653860894
239,0.9334126610200126
240,0.9334082345082455
241,0.9334757962352068
242,0.9334707696237603
243,0.9334745365663689
244,0.9334959045557818
245,0.9335524205613005
246,0.9336967270672949
247,0.9338573350902877
248,0.9339901863850798
249,0.9340868628036718
250,0.9341913117958746
251,0.9343294624388597
252,0.9345268478451695
253,0.9348258229556959
254,0.9350880472606743
255,0.9353395629514222
256,0.9355719825319212
257,0.9357855216219622
258,0.9360226184046129
259,0.9362325269863526
260,0.9364490802845695
261,0.936680556189176
262,0.9369018276763851
263,0.9370964264170407
264,0.9373307245880064
265,0.9375960587409952
266,0.9379166868950255
267,0.9382674937441527
268,0.9385748898409282
269,0.9388474539291444
270,0.9390855600296435
271,0.9392815228066733
272,0.9394759135896684
273,0.9397167281190131
274,0.9399955081906388
275,0.9403039133763162
276,0.940609982914797
277,0.9408900875531865
278,0.9411366407402784
279,0.9414126318866818
280,0.9416631348705037
281,0.9419350702556695
282,0.9422514668430921
283,0.9425578070691271
284,0.9428849808506238
285,0.9432251053971548
286,0.9435474712116316
287,0.9438979702235917
288,0.9442611323659322
289,0.9446443973753113
290,0.945024937408462
291,0.9454102966515265
292,0.945800427065449
293,0.9461878146647938
294,0.9465724869109315
295,0.9469544708895629
296,0.9473337933169755
297,0.9477104805461865
298,0.9480845585729537
299,0.9484560530416677
300,0.9488249892511255
301,0.9491913921601871
302,0.9495552863933233
303,0.9499166962460454
304,0.9502756456902347
305,0.9506321583793638
306,0.9509862576536118
307,0.9513379665448835
308,0.9516873077817252
309,0.9520343037941509
310,0.9523789767183659
311,0.9527213484014068
312,0.9530614404056842
313,0.9533992740134428
314,0.953734870231132
315,0.9540682497936931
316,0.9543994331687656
317,0.9547284405608109
318,0.9550552919151593
319,0.9553800069219768
320,0.9557026050201595
321,0.9560231054011515
322,0.9563415270126958
323,0.9566578885625054
324,0.9569722085218721
325,0.9572845051292075
326,0.9575947963935115
327,0.9579031000977859
328,0.9582094338023747
329,0.9585138148482459
330,0.9588162603602137
331,0.9591167872501005
332,0.9594154122198356
333,0.9597121517645035
334,0.9600070221753341
335,0.9603000395426339
336,0.9605912197586673
337,0.9608805785204833
338,0.9611681313326923
339,0.9614538935101898
340,0.9617378801808307
341,0.962020106288058
342,0.9623005865934788
343,0.9625793356793992
344,0.9628563679513022
345,0.9631316976403014
346,0.9634053388055221
347,0.9636773053364662
348,0.9639476109553191
349,0.9642162692192154
350,0.9644832935224708
351,0.9647486970987696
352,0.9650124930233107
353,0.9652746942149184
354,0.9655353134381173
355,0.9657943633051614
356,0.9660518562780378
357,0.9663078046704239
358,0.9665622206496164
359,0.9668151162384244
360,0.9670665033170268
361,0.9673163936247983
362,0.9675647987620994
363,0.9678117301920399
364,0.9680571992422011
365,0.9683012171063398
366,0.9685437948460506
367,0.9687849433924066
368,0.9690246735475583
369,0.9692629959863198
370,0.9694999212577154
371,0.9697354597865011
372,0.9699696218746559
373,0.9702024177028508
374,0.9704338573318887
375,0.9706639507041162
376,0.9708927076448134
377,0.9711201378635517
378,0.9713462509555366
379,0.9715710564029146
380,0.9717945635760629
381,0.9720167817348545
382,0.972237720029898
383,0.9724573875037532
384,0.9726757930921229
385,0.9728929456250329
386,0.9731088538279705
387,0.9733235263230173
388,0.9735369716299554
389,0.9737491981673475
390,0.9739602142536024
391,0.9741700281080169
392,0.9743786478517957
393,0.9745860815090531
394,0.9747923370077942
395,0.9749974221808761
396,0.9752013447669479
397,0.9754041124113751
398,0.9756057326671421
399,0.9758062129957343
400,0.9760055607680048
401,0.9762037832650219
402,0.9764008876788932
403,0.9765968811135841
404,0.9767917705856988
405,0.9769855630252643
406,0.9771782652764809
407,0.9773698840984633
408,0.9775604261659624
409,0.9777498980700692
410,0.9779383063189006
411,0.9781256573382723
412,0.9783119574723488
413,0.9784972129842832
414,0.9786814300568335
415,0.9788646147929673
416,0.9790467732164492
417,0.9792279112724097
418,0.979408034827899
419,0.9795871496724226
420,0.9797652615184667
421,0.9799423760020003
422,0.9801184969454656
423,0.9802936236567152
424,0.9804677609784097
425,0.9806409142198819
426,0.9808130886149925
427,0.9809842893225231
428,0.9811545214265481
429,0.9813237899367991
430,0.9814920997889967
431,0.9816594558451845
432,0.9818258628940321
433,0.9819913256511281
434,0.9821558487592531
435,0.9823194367886376
436,0.9824820942372012
437,0.9826438255307786
438,0.9828046350233226
439,0.9829645269970914
440,0.9831235056628216
441,0.9832815751598818
442,0.9834387395564049
443,0.9835950028494085
444,0.9837503689648887
445,0.9839048417579077
446,0.9840584250126514
447,0.9842111224424713
448,0.984362937689914
449,0.984513874326723
450,0.9846639358538228
451,0.9848131257012878
452,0.9849614472282843
453,0.985108903723001
454,0.9852554984025497
455,0.98540123441285
456,0.9855461148284904
457,0.9856901426525742
458,0.9858333208165333
459,0.9859756521799254
460,0.9861171395302082
461,0.9862577855824889
462,0.986397592979251
463,0.9865365642900586
464,0.9866747020112306
465,0.9868120085654927
466,0.986948486301609
467,0.9870841374939768
468,0.9872189643422038
469,0.9873529689706515
470,0.9874861534279538
471,0.9876185196865045
472,0.98775006964192
473,0.9878808051124668
474,0.9880107278384586
475,0.9881398394816233
476,0.9882681416244375
477,0.9883956357694271
478,0.9885223233384332
479,0.9886482056718415
480,0.9887732840277785
481,0.9888975595812705
482,0.9890210334233583
483,0.989143706560181
484,0.9892655799120122
485,0.9893866543122608
486,0.9895069305064224
487,0.9896264091509952
488,0.9897450908123365
489,0.9898629759654876
490,0.9899800649929402
491,0.9900963581833587
492,0.9902118557302458
493,0.9903265577305577
494,0.9904404641832666
495,0.9905535749878603
496,0.990665889942791
497,0.9907774087438579
498,0.9908881309825286
499,0.9909980561441972
