,Training
0,0.6001962559495478
1,0.5803250183076769
2,0.5759119614769047
3,0.5688403412570472
4,0.5659048544539678
5,0.5626623550649237
6,0.5580058938875364
7,0.5528828480386013
8,0.5454437821331648
9,0.5368541099062073
10,0.5252125614254137
11,0.5082502849930651
12,0.48373760677721483
13,0.456375338918601
14,0.43000004291420624
15,0.4068195261082406
16,0.3866088480496765
17,0.36865071587666376
18,0.3523911042005792
19,0.3377718625252694
20,0.3243369724204073
21,0.31210832508740227
22,0.3007745099699624
23,0.2903693267015458
24,0.28082781089278647
25,0.2721686529877662
26,0.263942927034576
27,0.2561612803747246
28,0.24905153847056152
29,0.24255603192083655
30,0.23630374792527364
31,0.2305856545930572
32,0.22520332242209623
33,0.22005442893693525
34,0.21535121375423
35,0.21079983200581812
36,0.20642566201077295
37,0.20238916759437398
38,0.19858448184058772
39,0.1948759815395733
40,0.19131464178159768
41,0.1878090349058904
42,0.18452176663440964
43,0.18135736236819222
44,0.17829580823295235
45,0.17538500573516327
46,0.17261575354206118
47,0.1699072513592482
48,0.16725108980690956
49,0.16470567194263575
50,0.16226968840018038
51,0.15977683502779363
52,0.1573626887228566
53,0.15498301805213732
54,0.1527279434257023
55,0.15051164547904555
56,0.14836405573587777
57,0.14632429741598443
58,0.14429808284887546
59,0.14234379519959203
60,0.14050673695606422
61,0.13875466374087708
62,0.13703399973327304
63,0.13536196860403302
64,0.13374561211728436
65,0.13219703205587446
66,0.13068821959978705
67,0.12922326128171274
68,0.12778968118336637
69,0.12638697331710444
70,0.12503726666682147
71,0.12373545025705553
72,0.12246746749006494
73,0.12123252843012153
74,0.12002500318233754
75,0.11884172402522096
76,0.11764376484532309
77,0.11642571338969983
78,0.11522930818488675
79,0.11402315137792568
80,0.11282625529026359
81,0.1116370534163217
82,0.11053627029135601
83,0.10944257601475686
84,0.10837095624630837
85,0.10732529870362291
86,0.10626568361773543
87,0.10521851364433207
88,0.1042430247830172
89,0.10319883968242087
90,0.10217492370186637
91,0.10123915737677636
92,0.10022427067442338
93,0.09925192099640735
94,0.0982917792369995
95,0.09737291693064912
96,0.09644823889331147
97,0.09557243779109673
98,0.09471474477026239
99,0.09387499424992389
100,0.09303988240923629
101,0.09220133584214715
102,0.09139761516649472
103,0.09059232327265022
104,0.08979587923185771
105,0.08901590000775252
106,0.08830411862714756
107,0.08766464152430407
108,0.08703286406623564
109,0.08639620863926598
110,0.08578125503354918
111,0.08520212749158283
112,0.08459283634038224
113,0.0839305769219563
114,0.08328562072242347
115,0.08265117532467735
116,0.08202588520999163
117,0.08143648391077687
118,0.08086337780870827
119,0.08029302440992844
120,0.0797244426693086
121,0.07915896800370716
122,0.07859963183843591
123,0.0780632324369502
124,0.07752784840714627
125,0.07703116363291053
126,0.07654213750209038
127,0.07602440758997205
128,0.07551467417521016
129,0.07501365544407942
130,0.07451297050484644
131,0.07402801657464707
132,0.07358742567083762
133,0.07314762469542929
134,0.07269976574609763
135,0.07224276688091961
136,0.07179412019014725
137,0.07135023519658472
138,0.07093479442012166
139,0.07055010939460736
140,0.07014597121082748
141,0.06975774534767978
142,0.06933148692483122
143,0.0689041978774753
144,0.06848927805329551
145,0.06807350988913667
146,0.06765738611476665
147,0.06724089693466619
148,0.06681534866121573
149,0.06639331696923471
150,0.06597816165650383
151,0.06555994301643245
152,0.06514626275366252
153,0.06473623459233284
154,0.06433136442713899
155,0.06393055653054988
156,0.06353139924164189
157,0.06313750084314085
158,0.06274849569092783
159,0.06236577265547728
160,0.06198733602034627
161,0.06161579517747765
162,0.061248751448493885
163,0.06088577219523332
164,0.06052838365015092
165,0.06017739356454834
166,0.05983232769189951
167,0.05948866846100988
168,0.0591483547654859
169,0.05881451405454318
170,0.05848625482110132
171,0.05816119672304893
172,0.05783947174427326
173,0.05752254436870924
174,0.057208139608072944
175,0.05689807308015462
176,0.05658989838221228
177,0.05628531143437789
178,0.05598237584210949
179,0.05568348610506479
180,0.05538816237115893
181,0.05509525395985586
182,0.054804924174214675
183,0.05451890362848958
184,0.054235681983827624
185,0.05395549962599156
186,0.053678008265862893
187,0.05340513815486259
188,0.05313664590517604
189,0.05287016964571956
190,0.052607356112236374
191,0.05234774657746786
192,0.05209074097303563
193,0.0518368918990642
194,0.051585506654218065
195,0.05133648605625819
196,0.05109016099454777
197,0.05084630311248185
198,0.05060479373193505
199,0.05036545818165839
200,0.05012841364669341
201,0.04989370541616855
202,0.049661028550485084
203,0.04943078568381041
204,0.04920332586934117
205,0.04897778251790679
206,0.048754102267974664
207,0.04853195961522414
208,0.04831237883781416
209,0.048093807495159055
210,0.047876403372985835
211,0.04766154879330866
212,0.04744832760557741
213,0.04723879192141811
214,0.04703076971373127
215,0.046824999384103456
216,0.04662174489047055
217,0.04642054465530177
218,0.046220792996418736
219,0.04602196707004234
220,0.045824512340662635
221,0.045628230158785664
222,0.04543209549797852
223,0.045238558150093026
224,0.04504649263433072
225,0.044856822262101574
226,0.0446678970425985
227,0.044481542763665956
228,0.04429720314057856
229,0.04411423397682098
230,0.043934766239733865
231,0.0437573960493726
232,0.04358130885308681
233,0.04340707738911638
234,0.043233833914489
235,0.04306102952840622
236,0.04289052316916352
237,0.0427217481626958
238,0.0425547636246158
239,0.04238870786900675
240,0.04222407539403032
241,0.04206096558272541
242,0.04189918143255082
243,0.04173854077888151
244,0.04157916836844289
245,0.04142083681259589
246,0.041263586936817864
247,0.04110829442115572
248,0.04095436408922888
249,0.0408015491727596
250,0.04064986957689299
251,0.040499224700071855
252,0.04034970916798308
253,0.040201295208075874
254,0.04005405547234844
255,0.03990780227541298
256,0.03976229924483064
257,0.0396178775338277
258,0.039473959057316356
259,0.03933048652010754
260,0.03918852688698929
261,0.03904793574946201
262,0.03890873472506516
263,0.03877068293010939
264,0.03863402355184593
265,0.03849825085148372
266,0.03836398685404266
267,0.03823068090841588
268,0.03809828356666431
269,0.037967430037204174
270,0.03783725209435833
271,0.03770814869628021
272,0.037579765203812156
273,0.0374520608013763
274,0.03732543061102759
275,0.037199758703392906
276,0.0370750081969248
277,0.036951442029020364
278,0.03682857592390243
279,0.03670653698689923
280,0.03658534903303764
281,0.03646492481609388
282,0.03634569125886512
283,0.03622721632758588
284,0.03610954477623134
285,0.0359926796742184
286,0.03587659099877614
287,0.03576132280512439
288,0.0356469131248726
289,0.03553326850701343
290,0.035420412548618004
291,0.03530827541810582
292,0.03519694928724723
293,0.035086282082868535
294,0.0349765189087224
295,0.03486737271969306
296,0.034758996182579195
297,0.03465106284950092
298,0.034543843227290316
299,0.03443703487096074
300,0.03433114696718476
301,0.034225798848537464
302,0.03412095854480856
303,0.03401624627394218
304,0.033912273101413704
305,0.03380870714893929
306,0.033706742514586746
307,0.03360515942420053
308,0.033504452246002646
309,0.03340483331553328
310,0.03330557224062786
311,0.0332067681942382
312,0.033108938974725104
313,0.03301137728955575
314,0.03291444566287072
315,0.0328184744848701
316,0.03272357926106409
317,0.03262837869456163
318,0.03253386428695263
319,0.03244032787438553
320,0.03234775703169869
321,0.032255617426822536
322,0.032164025285307936
323,0.03207294060759433
324,0.031982451452142104
325,0.03189232156920168
326,0.031801939175412235
327,0.03171130570693947
328,0.031621790295338466
329,0.0315324495347297
330,0.03144413444058577
331,0.03135610450451453
332,0.03126690177702517
333,0.031179387868384055
334,0.031091779477418965
335,0.031003832386308803
336,0.03091521314857904
337,0.030826831897127996
338,0.030738504412640623
339,0.03065134696985582
340,0.030565548142808225
341,0.03048103258812664
342,0.030396975996931336
343,0.030314103579563132
344,0.030231013419094073
345,0.030148574797827794
346,0.03006661140643169
347,0.029986561406892313
348,0.029907919713932585
349,0.029829895561554465
350,0.029752403351324546
351,0.029675279557118482
352,0.029598734492461917
353,0.029522628274528152
354,0.029446947873371192
355,0.029371611217467286
356,0.02929654069009297
357,0.029222128095276953
358,0.029147976139880988
359,0.029074149826397614
360,0.02900032988181797
361,0.028926489347595667
362,0.028853462060040743
363,0.028781003911046103
364,0.028708513790966183
365,0.02863658410772696
366,0.028565044326599676
367,0.02849406822071142
368,0.028423551469701103
369,0.028353416210519445
370,0.028283657838604606
371,0.028214269902503798
372,0.028144932632055624
373,0.02807555335600858
374,0.028006726286683808
375,0.02793804040758636
376,0.027869718184744607
377,0.027800859588182125
378,0.02773299925837317
379,0.02766494385604316
380,0.027596758777109653
381,0.027528189212312367
382,0.02746048374042991
383,0.027393313582007164
384,0.027326490506809985
385,0.027260012380682812
386,0.027193326940614725
387,0.02712735474208099
388,0.0270620774041194
389,0.026997465773905594
390,0.026933487452888615
391,0.026869518402229616
392,0.026805870555391756
393,0.026741913373678518
394,0.02667736269429977
395,0.026613653261763192
396,0.026550073351932307
397,0.026487748074807374
398,0.026424809093304604
399,0.026362177543133008
400,0.026300421635643608
401,0.026239660039246278
402,0.026178674491946503
403,0.026117991327878693
404,0.02605655328756752
405,0.025995559803597152
406,0.025934054964576184
407,0.025871927795951863
408,0.025809565310148188
409,0.025747719042704127
410,0.02568666238907179
411,0.025625410672591175
412,0.025564449117873984
413,0.025503782367902492
414,0.025443406989681578
415,0.02538357348178393
416,0.02532377561120403
417,0.025264008359025703
418,0.025205035035995752
419,0.025146585918120055
420,0.025088650362160486
421,0.025031218573692334
422,0.0249740433648183
423,0.024917586029291134
424,0.024862436411823997
425,0.024807492332651376
426,0.024752408229763337
427,0.02469777744882541
428,0.024643764190554196
429,0.024590676843103926
430,0.02453731466965145
431,0.024484978755288017
432,0.02443196160513556
433,0.024379332892626317
434,0.02432771535891419
435,0.02427630767398426
436,0.024224567133319153
437,0.024172750531910404
438,0.02412066517680341
439,0.024068783745170217
440,0.02401712735436007
441,0.023965520101416022
442,0.023914682659617083
443,0.023864073129304178
444,0.02381333922172054
445,0.023763867642823504
446,0.02371504233557018
447,0.023666525905597584
448,0.023618200274063764
449,0.023568998426502515
450,0.0235193231807721
451,0.02347014220599053
452,0.02342168402167776
453,0.023374956976480316
454,0.023328047225931542
455,0.02328067436035138
456,0.02323377657489731
457,0.02318721407614398
458,0.023141576297171906
459,0.02309587327107793
460,0.023049917152079453
461,0.023003651895425213
462,0.022957556078583824
463,0.022912192902641154
464,0.022865784315690748
465,0.022819184658689495
466,0.022773404929794402
467,0.022728288213036008
468,0.022682901720335165
469,0.022637385272834203
470,0.022591717668355
471,0.022545863977892718
472,0.022500741201460756
473,0.022455625401440246
474,0.022411231139054626
475,0.022367822011317644
476,0.02232469381193698
477,0.022282986025716333
478,0.022241096624147673
479,0.022198849115173138
480,0.0221564203486213
481,0.022114746895444848
482,0.022073236521642444
483,0.02203210115941952
484,0.021991565096092555
485,0.02195092984074142
486,0.021910456059998258
487,0.021870602559087633
488,0.021831110345462645
489,0.021791738812438084
490,0.02175258777312655
491,0.021713434240971247
492,0.021674811875516856
493,0.02163622664436308
494,0.021597682989385133
495,0.021559197552915937
496,0.02152099090210587
497,0.021482907930715785
498,0.02144482715366413
499,0.021406842505762216
